1.12 0.0 32.4946583591
2.57 1.0 30.8003308774
2.71 2.0 28.7870653965
2.51 3.0 26.6339588723
3.25 3.0 26.5195105526
2.26 4.0 24.1915169573
1.87 4.0 24.0866266451
2.51 5.0 21.903822216
3.26 6.0 20.8865885264
3.75 7.0 20.5379716817
5.76 8.0 20.2179716817
6.84 9.0 19.9297554696
9.2 10.0 19.6690941015
10.16 11.0 19.4624804204
11.81 12.0 19.2643246274
11.35 13.0 19.0036632593
11.6 14.0 18.7938635757
17.79 15.0 18.5819398903
10.23 16.0 18.4102959997
12.12 17.0 18.1665885264
11.44 18.0 17.9737427376
11.81 19.0 17.8571894755
8.65 21.0 17.6675296893