2.06 0.0 32.6546583591
2.72 1.0 30.9306710911
3.71 2.0 28.9470653965
4.02 3.0 26.6668046611
4.82 4.0 24.2243627461
5.47 5.0 22.0669891592
9.04 6.0 21.0465885264
11.97 7.0 20.68418473
12.78 8.0 20.362098847
18.29 9.0 20.042098847
16.77 10.0 19.7792944179
19.1 11.0 19.5186330498
25.26 12.0 19.2876505273
17.2 13.0 19.0948047385
18.82 14.0 18.8532022075
21.2 15.0 18.6147856791
21.44 16.0 18.4293738962
23.14 17.0 18.2534629429
23.13 18.0 18.0701561024
24.62 19.0 17.892159266
18.73 20.0 17.7756060039
16.16 22.0 17.657990741