3.34 0.0 32.81572036
13.17 1.0 31.0949000352
13.12 2.0 29.1112943405
13.58 3.0 26.8140797104
19.36 4.0 24.3811958029
15.73 5.0 22.22805116
14.8 6.0 21.2108174705
18.18 7.0 20.8484136741
27.39 8.0 20.522098847
32.03 9.0 20.202098847
29.61 10.0 19.9392944179
31.16 11.0 19.6786330498
33.12 12.0 19.3978508436
29.56 13.0 19.2007570515
35.13 14.0 19.0015583169
40.14 15.0 18.7324200014
39.1 16.0 18.5353262092
39.36 17.0 18.3477904246
36.11 18.0 18.2312371625
52.78 19.0 17.977990741
25.22 20.0 17.8614374789
33.32 21.0 17.7565471668
15.03 23.0 17.6442228487